  -20.4428917168148     
  -20.4397124088738     
  -1.37592874085047     
 -0.864775564186172     
 -0.646285510208457     
 -0.544048477386636     
 -0.544048460740916     
 -0.147484445043286     
 -0.147484401319479     
  0.202200740989624     
  0.192092783922647     
  0.237756095004467     
  0.237756096337801     
  0.391157883020475     
  0.306307499101353     
  0.356665500109002     
  0.356665502304771     
  0.730971892371675     
  0.730971949556600     
  0.993210328336355     
  0.993210331702849     
   1.08907831518433     
   1.09725384451110     
   1.13471516551419     
   1.13471529097905     
   1.34918242831275     
   1.37845478292013     
   1.37845478618862     
   1.37578178789877     
   1.53002401283400     
   1.53002401798831     
   2.13227657804567     
   2.13227658192432     
   2.22705907655408     
   2.77918088502095     
   2.77918088900952     
   2.84926561034049     
   2.84926563469534     
   3.06121545160706     
   3.14369436541219     
   3.14369436541219     
   3.32886027790941     
   3.32886032072838     
   3.44125759488522     
   3.47960143305486     
   3.47960176087278     
   3.71516175950342     
   3.71516175950342     
   3.99049522045389     
   3.99049522707563     
   4.06481111540731     
   4.19506716050274     
   4.19506716419599     
   4.45719766297162     
   4.45719773818710     
   5.15234357410589     
   5.16647774091405     
   5.16647774091405     
   5.25314817724927     
   5.25314890874138     
   5.66823854989024     
   5.66823855311680     
   5.89919287462796     
   5.89919298637726     
   5.91702875577131     
   5.91702980273535     
   6.58347503515880     
   6.58347503810453     
   6.84878359332421     
   7.06397540381371     
   7.06397540381371     
   7.56297593539622     
   8.41091353135731     
   8.38949604151054     
   8.38949671035244     
   8.79147042081608     
   8.79147042437760     
   16.7721619096814     
